2
201
208
233
852
521
90
758
895
531
204
947
903
608
400
659
382
829
1000
471
667
564
336
166
851
612
427
581
835
236
224
736
75
572
829
666
277
104
569
417
429
381
141
120
267
925
732
292
729
67
436
72
627
546
341
805
163
852
591
288
258
90
846
662
647
520
235
988
332
848
537
381
617
93
378
946
25
594
560
250
290
957
475
563
867
391
85
480
286
99
211
532
897
727
402
589
460
709
463
196
219
723
291
246
955
547
286
686
428
801
538
45
467
77
458
142
37
3
871
788
119
867
918
836
557
452
257
617
16
97
184
598
530
148
547
48
440
236
613
402
748
885
489
61
415
389
522
123
830
407
594
983
419
860
237
998
621
202
958
146
721
428
268
547
395
891
702
821
995
207
182
428
346
187
619
271
981
55
550
370
403
165
40
337
310
170
451
39
651
764
603
646
661
448
411
990
506
94
66
143
164
854
951
278
556
588
549
10
594
338
163
154
737
339
367
921
940
293
485
671
114
470
495
297
138
118
130
226
842
228
574
864
378
308
20
48
146
659
710
973
811
460
633
378
71
96
685
449
44
308
150
197
664
595
481
446
422
310
822
864
172
799
47
260
667
631
382
58
754
773
915
980
241
583
913
297
483
662
442
177
434
239
160
927
479
813
977
940
940
52
595
286
458
408
363
585
715
848
463
654
433
447
678
45
32
705
773
520
127
435
763
860
126
280
786
300
464
711
252
525
594
922
69
975
481
422
98
272
33
312
829
223
235
871
87
452
255
193
852
237
589
547
683
762
109
598
410
951
765
113
446
134
691
393
824
617
577
526
904
126
596
582
437
160
719
420
484
740
702
215
33
111
296
969
743
685
392
774
165
549
833
19
250
808
314
913
56
390
101
935
427
642
901
927
807
148
746
60
257
283
337
300
29
119
108
209
74
963
998
968
715
310
508
491
162
902
713
221
22
926
213
943
307
218
804
262
285
221
72
3
973
629
836
773
862
618
539
513
532
655
1000
351
172
472
491
774
59
247
947
139
742
378
527
692
960
410
74
112
902
227
278
832
31
705
603
290
100
812
153
232
62
891
11
661
485
343
593
590
899
692
398
294
378
85
921
259
514
88
422
829
595
979
898
385
94
853
423
817
271
239
322
472
639
934
333
479
719
160
32
986
234
716
440
725
548
4
452
350
954
880
194
674
807
222
357
895
417
700
873
532
179
363
187
150
814
859
971
214
260
804
530
389
905
908
232
741
548
815
188
430
357
467
607
838
107
536
805
869
972
853
132
378
496
854
284
492
816
25
369
73
889
407
175
787
615
725
137
12
727
296
29
590
265
448
905
345
655
525
61
743
130
509
804
212
606
799
842
389
457
493
855
361
431
294
506
800
208
698
699
288
556
88
178
899
188
1256
1268
777
1003
1757
1422
991
530
964
1748
319
1693
1787
1224
359
49
857
241
1651
1981
136
692
1681
1003
1895
407
803
440
1484
1075
1686
1027
1718
916
1839
239
34
257
1732
1889
1152
242
1533
584
1788
1100
358
1238
689
476
1508
100
1326
474
630
960
998
1803
882
547
1503
320
1840
966
519
969
1568
1669
482
1681
1092
1959
147
1507
186
774
1680
1199
1765
956
889
999
988
723
1357
781
308
620
634
398
1259
776
133
1360
680
1000
371
1152
651
1227
1027
429
833
986
1543
461
1812
1346
598
1241
176
528
1916
192
214
1198
199
1407
1951
72
729
108
1885
123
74
789
141
1509
1551
32
1605
1586
1499
1558
1441
1543
1480
1482
1488
1499
1543
1535
1403
1453
1550
1488
1517
1489
1476
1474
1507
1538
1487
1465
1608
1426
1425
1470
1581
1467
1573
1525
1518
1498
1532
1532
1550
1476
1636
1543
1447
1604
1469
1521
1513
1535
1468
1669
1503
1525
1480
1538
1377
1529
1457
1420
1434
1546
1471
1463
1466
1490
1536
1413
1555
1510
1472
1569
1527
1493
1467
1667
1476
1458
1630
1469
1548
1534
1397
1429
1623
1508
1572
1581
1407
1458
1594
1449
1562
1548
1589
1452
1482
1502
1594
1508
1507
1560
1449
1490
1300
1569
1399
1529
1515
1535
1527
1522
1487
1446
1560
1516
1451
1494
1421
1486
1475
1540
1489
1517
1493
1579
1328
1448
1477
1535
1455
1384
1605
1532
1506
1550
1455
1437
1532
1496
1585
1515
1492
1552
1556
1603
1474
1522
1559
1459
1453
1485
1535
1376
1451
1548
1386
1453
1424
1477
1562
1652
1439
1476
1513
1536
1526
1588
1553
1624
1460
1487
1524
1482
1500
1504
1475
1404
1557
1506
1492
1418
1491
1563
1468
1471
1468
1411
1478
1562
1522
1479
1510
1471
1479
1511
1476
1590
1423
1551
1533
1461
1397
1365
1459
1526
