474
142
1572
29
342
1219
1266
351
1761
728
970
1148
473
1194
1290
1201
1853
1922
1161
21
1250
39
1055
1594
915
1285
167
684
1415
1627
321
1072
1328
1176
127
1967
2030
800
491
1620
402
253
624
657
1050
1594
645
270
1453
1349
785
177
1128
750
244
719
501
1032
1330
1541
573
903
1071
120
1316
1643
1873
909
15
520
814
1453
663
1265
1661
1602
750
541
1677
1829
481
316
1404
1571
642
1095
1603
1834
32
1758
1711
813
37
1808
974
1540
322
993
586
1328
1709
1541
79
249
745
1357
1483
1846
163
31
729
647
93
1525
106
1153
1888
243
1988
1767
633
1028
637
1844
1700
1365
1537
545
480
716
1910
640
1617
125
76
1464
257
239
1517
959
1852
1995
987
1849
1366
1356
492
721
1526
306
403
223
215
1289
953
211
1592
1292
24
1357
95
1850
1471
152
417
172
50
1707
1820
275
1086
539
775
1924
92
1207
982
495
1702
1070
218
1623
1338
248
1932
241
1358
1458
1333
316
1134
1752
564
1520
1135
339
126
125
667
1266
306
1167
714
1979
927
1187
1981
2000
309
599
114
909
145
62
1296
1213
1319
1458
1245
484
779
817
215
454
753
224
915
1416
183
1371
788
230
935
1755
330
1637
1804
1246
1837
1264
1503
665
1102
1533
1494
205
1527
965
1266
1865
1478
409
253
337
1279
587
1447
640
626
1367
1747
732
183
1868
193
879
304
345
213
1169
1897
1075
1060
746
500
243
763
119
1709
2026
66
2011
1389
1961
681
1851
1868
449
418
250
1833
1558
594
1944
722
248
48
567
178
62
1038
865
888
2025
1435
133
1204
1419
2035
650
986
907
1202
1431
1331
1396
727
792
1412
898
1260
914
964
1201
604
1243
1744
756
1918
1071
1109
522
1189
1824
1963
1587
727
1809
907
1165
1223
17
317
700
931
1950
754
652
210
608
1360
263
601
1198
1697
1286
1792
1170
234
469
905
1115
403
132
1793
1667
1088
1620
1400
1112
1656
2014
169
1929
1935
1732
1897
1525
11
1080
823
1326
68
651
506
49
1744
1812
726
864
720
392
719
1618
283
1428
1968
302
26
1213
1384
449
367
1299
933
785
211
703
1320
59
1596
638
1462
1096
717
133
882
1316
1599
694
1778
800
435
1792
469
1495
1260
662
852
88
441
55
1937
403
890
1882
318
1868
1107
1814
1316
193
434
2037
1963
467
1346
1480
1783
1241
37
1282
442
2037
2017
1345
897
37
2041
1335
1436
431
1880
627
1004
1042
459
1331
213
1985
1741
1910
1274
825
1079
1104
910
511
1999
1117
264
253
1006
585
225
1171
1208
1905
32
1121
27
744
855
1465
845
1518
820
292
1669
1707
1725
943
918
1798
1801
1258
703
569
1347
1345
1747
1492
57
373
214
141
1093
83
1862
1743
1147
704
1762
1835
607
526
1467
1845
365
493
831
1707
1706
333
819
1686
62
268
291
693
1022
902
178
590
190
1227
505
1700
1009
162
1635
349
44
377
884
1284
1031
1421
416
621
531
615
569
799
979
1085
633
1878
1761
189
1078
1026
1378
375
267
981
1533
1645
1583
1170
1031
121
71
1090
457
27
1993
1292
762
994
945
1898
510
1080
390
856
1483
1275
799
291
481
448
351
1388
1812
503
1175
1219
917
1685
634
1133
426
1332
438
85
460
747
1141
972
340
1055
121
1838
601
2002
299
220
1558
655
672
361
370
1721
330
1805
401
1284
1940
1758
1260
861
383
1793
2023
864
712
481
236
679
1489
1497
1667
1024
109
231
453
731
1228
32
1246
1407
1934
240
336
1688
1305
1879
181
6
1055
1428
1921
50
1123
1426
876
1700
1173
1605
1122
1504
202
1151
1654
237
1681
651
2018
1696
1128
1619
1296
1487
1783
1485
1386
1726
1442
966
1000
311
781
525
748
847
1307
892
1097
660
2005
1966
1881
1262
142
2040
1879
1971
1362
1283
1503
1463
92
713
690
372
1315
1502
1156
299
53
257
1191
542
290
791
973
1156
2001
852
886
1189
738
411
1629
1790
672
1804
770
508
1648
1972
1322
1536
910
237
1021
973
1773
1507
1421
974
581
267
1689
1649
1700
1549
1066
403
671
673
1182
2017
266
1265
1417
1064
23
591
1860
1962
1440
1473
502
1387
1908
791
96
1569
456
1350
529
440
1161
1644
1113
302
1672
774
1146
1514
921
787
547
260
1875
1868
1524
1391
626
1336
810
1198
180
122
494
53
372
1891
1145
626
1553
969
1689
1837
1748
573
1121
933
198
653
89
1084
1707
1719
1575
557
1545
25
660
82
1063
149
1567
1300
1724
1437
1853
1896
1318
883
8
1409
901
915
2002
1853
1243
547
806
792
1810
906
1073
661
955
1026
1982
381
6
316
613
1795
1827
999
1347
673
1913
619
1696
297
1904
115
596
36
1570
554
289
1379
1133
1946
975
487
1453
1855
958
1529
231
1677
520
683
639
697
1740
1197
995
1642
610
349
936
1008
269
61
1809
390
1052
600
180
1410
1362
1326
1277
1361
880
419
1647
1908
1655
1040
978
2034
1556
2037
1907
943
1365
1320
624
1403
713
338
483
1840
134
1578
1976
1344
23
1085
2043
329
1794
539
756
816
1842
1952
218
369
1428
933
48
1617
1233
1173
350
745
236
1983
659
1222
1412
1014
1469
833
850
870
1950
1093
1330
1
1533
1741
502
498
1233
1205
686
1972
1555
515
1586
1117
330
1218
1648
1370
1869
590
1032
679
866
1840
653
1138
438
520
1767
28
613
28
1125
1151
1381
393
493
1864
1341
35
399
186
605
2041
711
863
832
390
20
1030
1920
1352
761
716
2002
1262
597
382
1710
856
537
659
154
1193
557
966
1128
461
16
1401
1031
1998
1454
627
1303
1866
1783
1328
184
908
397
1245
1838
1100
973
954
1691
1726
1166
1456
622
1714
1759
353
465
558
757
1888
475
1784
332
657
1335
1878
679
1332
1585
665
1235
1121
1091
2
1677
856
88
76
679
644
1532
150
561
198
329
1923
1969
1168
7
182
1491
724
102
460
1771
875
599
183
109
1950
1763
965
1362
1734
261
826
640
143
496
1537
1104
1372
1229
482
1867
1167
1709
995
61
443
627
276
1617
616
2043
534
25
1505
1283
1379
1612
77
1918
130
1245
1270
1179
47
1304
1777
1000
919
38
1109
628
780
1236
467
199
999
1302
1456
551
189
69
1768
762
588
941
226
19
1533
1778
750
2009
1321
40
102
2008
837
1838
916
1251
1620
1092
875
1159
529
898
1694
283
968
355
534
1421
293
1827
1418
844
83
2043
1453
1229
40
1265
1170
56
363
52
131
288
435
1178
1755
1184
574
995
85
1631
895
1108
1006
1686
1713
392
1801
1397
1322
181
1915
175
1893
1568
1883
670
1732
581
1635
1477
1962
493
1199
308
2009
1866
1058
1990
839
576
1669
235
551
1200
1941
1497
1648
434
1172
163
111
2023
1959
3
1002
1540
985
1333
1960
231
1423
997
1679
390
629
909
1143
2016
358
1601
1666
143
739
634
536
1771
497
1368
1037
1363
1776
1983
987
1035
351
1013
395
1675
1153
1949
1716
1087
1825
2043
734
1325
1527
1065
932
1238
551
1465
678
1131
599
1922
301
695
696
1711
1421
1893
1273
1472
503
1106
1789
1179
542
1468
1214
1461
286
1494
1864
1258
849
710
1071
695
236
553
1721
1576
1394
1119
1720
630
1600
1463
264
320
1918
708
928
267
1732
1734
1927
914
894
309
1319
181
1755
1836
517
1671
1159
52
975
409
709
1954
1164
1550
798
1024
1637
2022
76
763
1099
570
19
1479
1856
814
1689
103
1528
1629
1130
1790
1881
1650
1589
1196
1247
1149
1167
773
585
2013
1835
28
359
1396
592
534
1072
915
596
956
498
1293
1739
1832
937
1490
1186
1213
730
385
1894
1785
415
927
1354
95
1978
559
1604
890
891
1237
1301
1766
916
445
337
36
731
17
1572
1419
2016
818
1942
994
480
1642
1196
1754
1615
1283
177
288
912
637
1708
1644
1944
574
99
1824
1541
1638
955
1237
810
1464
1258
1621
1621
866
402
1815
601
1997
998
837
1555
953
667
174
1336
1948
1545
1971
1625
1186
946
1293
1532
618
626
945
13
130
1306
1528
1208
1621
348
619
256
1141
586
505
820
1774
1116
113
1022
542
296
2015
1669
232
1480
345
857
241
371
1941
187
756
620
1590
1503
1490
1501
599
1019
1599
974
1383
153
67
353
213
1295
292
1161
969
848
1357
863
191
934
1103
1799
1700
876
1821
1087
382
1889
1587
1066
955
1185
2016
705
1981
1986
1376
1440
970
1850
567
1009
863
1523
574
870
963
1110
240
1492
1236
1594
2022
642
1353
1414
613
1118
1592
771
131
604
1337
2032
1541
131
1432
1188
766
1084
942
1959
1144
599
1949
287
684
1590
112
699
319
156
1137
585
1430
335
1449
1593
1316
521
857
1357
1546
1702
318
826
1585
929
168
744
1577
1851
271
563
1280
419
652
623
1419
881
221
253
1791
1709
1231
667
656
130
1606
1116
977
1564
740
1625
514
421
1173
1093
466
228
1549
1735
343
1057
337
1448
975
1203
2032
722
772
340
81
1113
324
1923
1150
620
433
656
1880
1572
796
1765
1487
1133
149
1516
1502
608
1403
1851
838
1867
845
666
270
537
925
180
1355
427
1220
559
1722
730
1353
1504
893
679
746
500
1661
1699
254
1770
1096
1643
2025
1626
1097
932
1210
181
107
1050
16
1297
980
48
951
1064
1610
514
1997
1266
699
1640
218
1599
1993
1639
1016
1261
693
469
439
583
1932
1086
1335
1264
31
1039
2040
954
1752
814
1223
1525
1012
1806
1844
306
1348
1648
679
1055
702
839
1138
1345
324
1203
341
802
690
1088
1830
864
633
1003
794
595
1591
883
2008
510
1967
74
1169
207
1855
1140
1220
946
300
1359
1232
789
319
440
1684
1707
301
1006
1696
417
1496
1223
1725
777
1454
513
1414
1474
113
713
412
1670
1145
1370
616
462
1419
1654
1675
1955
889
1291
681
625
2011
230
1659
531
2029
53
320
233
1818
1362
397
480
1138
1206
2036
1710
1207
1282
186
913
735
600
1723
2016
1701
646
1317
1467
1811
1864
1701
403
1551
106
1739
1718
450
306
1824
620
1004
106
1372
899
1604
2001
430
27
726
7
1467
787
1927
314
711
1568
172
446
718
438
1198
537
1408
1165
1153
160
1717
1465
88
1223
25
1898
336
1448
447
1524
1557
9
183
2043
131
1208
1935
211
515
1256
984
1471
574
596
794
912
1029
1704
1659
1630
153
41
1114
444
951
63
240
294
1418
923
358
982
913
578
1068
351
607
839
409
381
1790
1122
394
1460
1032
1718
1584
973
1727
449
1678
910
1509
1896
1646
1561
1151
1238
639
1200
532
384
2006
448
866
1721
284
1502
289
1755
164
65
96
360
1473
1787
907
1346
1746
1332
1581
1965
421
1301
1691
175
1541
457
1288
1543
921
1236
1152
842
976
1334
2037
1573
633
1955
1552
1334
1487
1458
1839
1669
969
1052
1499
1592
602
1986
1411
500
470
1937
73
961
1360
1664
1014
98
614
1045
1360
98
1065
380
1184
1673
1216
40
1068
516
392
56
96
500
484
866
313
1669
848
1579
598
1388
740
1432
379
1046
1785
1888
1085
117
1530
899
646
505
1322
698
1791
1539
1687
1579
1010
1851
1169
1871
451
704
981
281
646
1516
133
856
605
1772
2040
748
1561
1801
1926
1896
438
1172
546
1239
1347
1111
154
617
1567
1025
1685
771
984
735
83
1887
615
1814
567
814
1941
348
1478
575
11
51
412
989
63
231
749
928
801
12
1024
1657
398
580
1810
1770
1217
489
1837
829
1324
1835
671
1851
422
1587
1663
1451
293
419
1328
1173
1298
543
1217
888
484
1768
1502
1748
1295
768
516
1367
400
1341
52
591
1384
1387
771
878
1409
13
1077
522
1855
296
1119
1132
169
1318
1808
584
583
2024
1299
131
1988
699
1952
1782
1054
469
1302
220
98
1530
1265
1256
96
413
853
1699
1215
1722
630
350
1601
696
874
611
116
615
183
1936
663
859
1070
35
1007
1205
356
1801
731
1383
1463
120
1257
194
530
259
1991
1061
448
1039
254
807
443
1137
1652
2021
1908
1593
705
205
437
1219
1090
717
1826
252
135
1038
1185
441
1169
557
356
84
378
1062
1199
1833
310
338
1234
641
1516
42
739
1825
1871
208
1552
1840
33
1738
1581
242
1979
1181
1613
1438
1285
847
1043
1268
447
1029
854
1500
1103
1823
1793
1368
30
1924
780
1155
922
308
1321
814
1762
1615
156
1868
92
506
1562
1663
553
37
237
1699
69
1893
1756
1891
896
633
640
1721
270
244
2004
588
53
519
1018
927
959
1213
730
1442
869
906
1556
1875
1119
1621
1786
1765
38
187
1484
1789
25
1904
1735
436
1845
446
1037
1416
1592
651
944
1023
531
2012
418
592
1044
1650
38
1186
1406
1037
1315
1446
2019
770
708
1999
761
1093
1319
1609
1045
1658
988
71
424
1385
1737
328
927
742
882
211
288
2037
604
1009
611
504
1267
32
1543
1104
95
1383
1392
1501
72
219
1519
685
1940
1081
1824
1546
1745
1662
1959
1151
1643
188
667
1190
1473
801
471
752
852
1493
779
1411
515
784
1331
330
559
1616
364
1491
1913
1983
1137
1765
1355
464
838
927
384
344
181
1558
506
1935
1382
916
1943
1932
1856
1855
205
66
462
1080
1233
903
1139
514
664
1366
1016
1680
844
1036
512
281
323
1513
731
1248
1098
1335
882
80
1131
644
1723
1685
769
440
1227
228
826
1925
1469
1623
1693
891
135
606
382
1689
1064
227
1589
1572
579
409
1935
905
509
1573
442
336
1376
288
1098
493
200
1280
1698
1358
521
814
711
1654
680
820
1122
1075
744
1481
448
960
870
895
1108
294
1348
1278
981
692
139
1559
1742
976
1
69
1820
928
1022
614
103
1909
1240
445
270
1451
1890
927
2016
48
2034
981
165
311
945
281
1206
1662
363
1772
477
1704
927
1939
409
359
1353
472
1290
325
509
573
251
1276
630
1121
1226
535
1794
1095
1103
1546
1241
1545
125
2032
778
618
1667
496
685
349
1932
676
484
347
598
1265
783
1946
1981
724
166
1277
502
279
136
1717
2021
1246
529
1829
629
727
1013
201
435
39
436
245
875
573
811
567
264
1839
1386
1980
1024
1046
513
1569
1759
1404
666
455
168
1454
1267
1357
1540
27
377
776
1486
938
1977
2044
656
1263
1983
358
1721
906
1430
937
1111
1262
2033
1304
94
1329
724
710
26
133
830
1483
1164
1347
683
320
156
288
132
1625
1547
887
1862
397
1909
1444
382
92
1992
765
181
1782
1537
321
1135
100
1724
1690
1254
1308
705
1159
1417
1705
867
323
750
151
687
396
368
1589
252
506
1032
437
61
1854
1666
1314
687
3
975
1684
408
1666
267
439
775
1273
929
822
224
213
1177
604
543
1575
835
1912
241
1045
1002
1348
131
1083
567
279
1309
247
319
2021
159
1420
2036
980
179
282
1729
926
291
595
925
1326
1574
865
794
1903
1122
1692
1529
79
1421
1184
988
809
915
216
737
903
749
1835
1166
917
2037
1716
1711
1420
297
1995
1161
759
1215
526
194
1674
1535
661
1507
393
1515
611
1784
191
1576
1089
1036
798
1443
1787
1750
955
812
1950
340
1209
492
1375
1764
1164
437
58
897
1144
1259
403
1180
1387
1510
949
1263
1646
1842
2045
1926
591
49
1907
2009
165
1969
1414
1809
1467
819
924
123
1724
582
22
165
1386
490
620
388
327
2005
1181
536
980
1060
1332
1174
750
1668
873
1121
1975
188
171
1414
778
230
1816
1666
2016
967
451
1980
520
340
1557
899
1286
1853
1538
2003
730
1371
1558
330
1885
955
1038
16
1988
2027
1738
1763
38
878
137
480
755
1921
1910
662
1037
1239
947
1937
242
1547
970
298
1205
1013
524
1739
681
542
1517
871
526
775
1283
1140
556
831
1385
852
516
32
272
917
423
1062
1429
413
1340
689
1587
1543
470
1067
355
1241
1217
806
1472
1848
1826
1677
1118
1029
24
469
183
730
687
1138
580
1949
450
220
2000
281
1091
1830
1780
1739
1952
688
1112
2025
1770
1129
1354
40
581
1874
832
749
733
20
1530
381
268
1437
973
936
1647
207
1668
5
1338
1335
657
78
1844
1540
739
1835
487
1062
1392
900
1631
968
852
458
924
203
363
1782
219
958
1127
470
795
105
1042
1616
645
909
785
591
1472
1031
415
497
1328
1357
844
154
1702
618
1407
39
1052
1751
269
1082
1180
1476
877
1061
1864
172
2039
152
1429
296
1832
1172
1823
853
844
1442
570
1237
1937
1993
337
1221
2006
1057
1533
1997
673
849
871
1855
1497
1644
1109
1242
468
1269
265
649
976
1732
743
27
719
1324
1149
999
457
772
1545
872
902
940
371
1868
1001
221
881
514
1306
1325
1405
893
1702
1733
1119
1461
1046
1849
1478
1118
145
1243
1180
121
1639
1007
14
1701
1127
798
768
1902
1481
184
1749
884
345
638
711
612
910
512
1247
1164
589
717
156
1791
895
1861
2011
1336
984
1123
942
694
977
1794
749
59
1384
454
1403
568
1300
1086
699
625
1454
320
1360
1252
2009
1315
1093
1349
1938
150
2017
1665
1588
61
107
1186
1886
1047
968
1200
267
460
670
1484
687
1818
1452
1595
242
981
998
471
1158
1553
1403
597
330
1541
302
588
314
2036
1345
465
1063
1266
1489
99
620
288
1559
1266
401
561
1654
189
2029
1614
284
198
1127
1843
983
1913
1670
403
724
1213
956
228
719
613
358
1008
1337
1332
1741
1255
74
1764
1954
1864
727
915
1650
384
1246
1952
950
1474
709
140
551
1375
536
215
929
907
452
64
1555
532
742
589
308
515
745
822
173
969
743
634
821
1543
531
605
658
1167
1616
361
1024
1768
463
1629
1332
150
1290
26
627
1136
1569
983
1238
737
1453
2013
1906
1714
2000
1025
1621
947
1419
588
1360
819
2039
1516
1878
579
277
988
1452
955
721
313
674
60
903
1399
540
1957
1590
1252
1955
327
1260
69
1492
1540
968
1713
852
893
1969
205
221
913
1040
1551
1679
1238
716
2005
1548
1918
551
240
134
185
555
1644
730
1409
1893
1670
1503
260
519
1284
1711
1198
1092
2043
909
2023
1894
464
768
845
407
1524
1851
1174
206
1443
420
206
438
258
135
1435
1169
2004
1064
1512
1772
1049
1597
170
1687
1377
425
1020
1517
1454
688
1333
314
2040
1879
318
748
1414
49
1635
790
459
585
1630
1845
1281
1805
870
552
743
1962
59
1795
1798
1897
296
961
618
823
400
1686
1362
1960
86
1669
1982
73
509
154
1694
301
1283
1853
769
1681
1514
911
1596
401
976
674
486
672
1136
1954
1780
1061
1492
1095
1883
717
337
100
1152
1291
1774
504
1323
928
1873
1383
492
902
990
81
1827
388
1687
66
1289
161
1479
1216
1594
1630
1782
295
702
1099
1066
991
455
737
666
1358
704
90
1752
1618
1399
522
1108
123
61
1778
1155
878
172
1889
1213
801
1254
278
1783
380
954
1070
1965
1277
1635
663
1448
1579
1752
262
1657
615
88
536
1535
1400
1979
725
163
1708
29
994
1185
994
297
2017
2037
777
1144
1506
1093
2014
1985
701
462
265
1800
499
1007
625
1027
1028
171
1609
1084
407
332
152
1505
493
1727
1027
1276
844
94
613
1836
1202
1973
1275
1530
1623
1762
1766
1592
896
854
279
1804
1303
1528
585
1512
1107
313
540
1271
1319
1860
1329
129
1369
1845
1448
276
362
588
417
1034
1496
370
1998
1844
985
482
1614
1668
166
543
752
969
53
1719
40
782
342
1864
74
1074
291
1655
1470
181
938
342
970
1036
778
1704
1539
8
1799
562
434
1293
237
484
1266
1617
924
1532
1806
40
1919
1484
1282
1637
1621
330
1875
468
1682
1963
274
696
260
1188
771
310
1516
1783
1161
352
1107
260
702
8
24
1440
1082
678
835
1045
434
1935
660
220
408
1150
1010
1098
715
937
311
1813
1071
1129
180
1120
688
734
1055
1119
1176
695
250
1055
1058
1996
1876
1634
939
1228
84
552
911
1120
1309
2039
1432
768
364
694
250
712
1553
1773
1547
799
1229
930
1153
294
936
1729
1161
2008
948
1417
827
164
2040
1273
632
1720
696
1845
778
1942
1333
1756
1136
1538
254
1813
748
911
1837
622
259
740
233
1204
1317
1045
1300
2045
189
380
986
1086
523
848
1652
1726
58
1534
1724
1428
1880
1086
676
337
1122
465
1740
153
621
15
625
435
457
1441
1114
228
70
828
739
1913
1286
1425
2043
320
449
1437
531
228
547
1469
1140
789
613
471
1976
358
1259
73
550
492
570
1930
944
124
1104
602
559
503
646
1123
2009
597
32
316
1968
894
1305
845
991
1819
1792
763
123
1081
164
925
561
826
460
1269
1758
1301
382
270
1329
1918
1888
637
1601
786
306
915
1836
250
351
819
1308
1320
1527
1781
866
1638
604
457
932
761
1220
466
1930
1382
1766
700
1211
7
1528
523
298
690
1594
704
1017
58
1329
1409
502
1587
664
1631
1600
1296
411
1111
568
603
1276
831
237
837
840
1065
374
553
1691
647
1073
1370
442
1297
335
845
1837
758
1163
39
48
1312
107
1086
1982
411
839
1458
530
1335
1240
1460
1179
181
1661
1038
601
792
896
1193
1150
646
385
2023
194
1960
1776
1588
33
690
388
1257
1287
915
1411
543
1413
29
825
1439
1906
1515
2041
970
1027
1796
475
204
1936
1024
214
1027
160
1914
1419
892
438
1090
1437
31
1986
487
2004
285
960
526
831
301
666
1216
845
1699
882
1606
1625
526
991
467
2027
1558
1889
116
126
594
1881
656
1480
297
1016
1892
1637
1205
1066
1618
1247
1400
490
131
273
1176
1190
145
1108
817
381
34
940
228
1091
1906
1971
1445
1554
714
714
697
1671
2027
1938
1060
314
1313
903
1908
1142
837
721
948
677
198
694
692
1266
2021
1090
1909
340
2004
394
1334
364
470
312
342
101
1192
1760
106
385
873
15
253
1172
1991
676
1153
944
679
131
1742
638
633
1533
1996
521
1722
1642
749
464
1767
1773
1538
40
365
1193
1505
417
952
553
2021
1295
47
378
521
1149
304
589
1720
1858
407
500
1365
218
258
1223
368
1012
652
1706
408
1735
68
980
1816
1977
1422
795
1023
289
322
1844
1843
1395
1472
687
1578
61
108
196
947
1870
1739
262
1520
1572
734
866
1281
1411
1515
164
746
808
1968
1758
282
572
147
1958
1935
387
1346
941
1971
699
1987
511
1549
1934
832
106
201
1546
939
660
1260
1228
982
1502
522
616
1494
1174
473
1154
1058
1058
1888
1716
1519
254
374
40
998
643
863
474
820
977
1807
482
565
103
434
2012
428
1841
856
757
1199
1409
38
1728
1923
211
259
2042
622
1243
783
531
663
1184
760
1180
1860
1379
891
1088
7
1455
1502
205
1556
351
1948
1937
715
626
1730
776
1175
1300
378
77
921
1172
1002
1146
1471
1494
271
1651
399
1562
721
1035
956
927
608
1275
529
158
2023
921
136
210
1983
825
1497
1311
876
135
497
261
798
1041
202
1440
1974
1247
1562
1563
728
1554
1284
646
1790
206
222
663
861
242
491
1298
214
2002
371
1833
1317
1267
1337
1775
22
1350
1819
692
1443
1003
616
960
654
1565
183
1051
975
1088
1251
332
1430
929
1469
816
1356
821
1028
612
505
413
1621
1902
257
1140
434
329
1676
1072
306
887
955
1820
184
645
1188
1916
76
1038
1897
1719
1191
375
1671
1537
703
1502
915
21
1330
971
914
1550
425
1051
389
1297
1548
869
1285
1298
228
1246
542
1370
1366
834
956
1693
1586
1330
906
1170
1772
334
897
1942
653
1417
277
906
55
625
1067
1923
1812
1423
862
368
1235
855
1281
216
1140
1657
321
2019
1875
781
1236
410
1280
447
946
415
155
674
1807
669
1394
1329
1101
1300
447
1763
1573
1262
184
628
1811
90
1289
288
815
578
1906
777
388
1088
1614
1635
193
1657
1447
887
992
213
1424
1987
1340
1321
1785
591
607
1081
1713
1360
1229
79
1363
2010
311
1643
1958
872
1744
1114
1280
570
1612
1025
511
468
1699
657
1490
487
649
1188
789
446
1220
487
1299
716
1273
1537
1356
356
566
1548
1887
813
1732
308
583
939
1433
361
965
1836
196
1998
1514
1951
393
1501
432
1153
1305
74
1432
27
820
764
65
1755
418
1255
531
1073
458
979
323
110
752
425
539
1770
485
459
144
1956
1547
218
46
1433
1566
455
1895
9
323
1528
594
410
1825
1911
481
90
1073
1600
964
949
971
427
640
1557
894
285
1087
1701
671
2041
1869
675
770
81
1561
1690
1693
1939
794
743
1193
443
426
1069
933
601
1294
1547
1078
540
862
1070
633
1966
390
531
1592
1581
1810
1826
850
1242
1912
206
302
1601
1745
1830
1310
946
1501
61
42
372
280
1889
950
1182
465
1033
326
1982
702
1173
233
49
136
1548
1820
974
1862
864
1644
1735
1460
1045
865
651
1298
1207
459
914
1012
1992
1448
1584
560
2018
1110
314
386
1716
1645
1142
171
46
755
222
519
380
381
1013
641
699
1503
1915
20
672
1492
249
1750
131
1263
2027
1026
1965
1818
1423
403
227
1298
1066
1329
1113
1731
1682
52
609
582
761
541
800
232
319
1239
1863
1286
1304
626
1402
610
516
133
1409
805
23
1571
688
26
1265
477
986
277
438
1494
48
898
1382
909
318
509
1301
480
1218
655
299
185
898
1245
1453
327
709
1632
1905
1531
1460
693
1968
218
278
946
1484
460
551
224
782
914
861
2007
1417
64
820
218
1584
692
1780
1057
124
1229
591
1470
1332
721
1068
355
1936
1173
396
1193
1535
770
1707
30
1687
1359
1432
1410
1986
56
1116
373
1235
65
2022
1133
1994
567
451
1101
1761
1821
1536
1029
202
571
613
1057
1226
1948
965
737
1239
1595
1823
1482
940
1199
1476
650
1005
1556
545
118
1577
1696
1284
1742
1492
1153
2023
917
1289
1854
1074
1727
1961
1977
462
1912
436
552
366
1942
89
1743
87
919
1908
1041
1777
405
332
196
545
891
1295
350
768
1409
1007
140
421
437
1850
202
1693
1197
788
308
554
588
566
150
1220
105
1952
1207
1538
1675
160
722
718
1287
812
942
1553
1718
1384
1507
355
1399
1619
2028
509
934
10
59
1172
846
431
344
993
1735
237
1009
1376
1908
793
741
1960
841
1856
1851
1072
1296
1527
1820
505
425
1431
1052
1811
178
1012
145
1416
691
1673
557
1396
237
582
1635
1718
350
1154
1450
569
131
329
891
381
1015
1460
1806
1008
1769
134
1666
1985
248
1718
1371
148
943
1272
1027
77
242
1497
855
77
1477
599
518
520
540
1617
312
299
357
1464
222
301
1903
1266
541
1740
482
1192
320
1646
1639
905
381
1617
1906
739
625
1902
1309
610
1881
441
26
814
93
753
1666
190
315
1821
1868
203
1347
1435
831
73
233
245
833
1543
1018
310
1613
954
1298
1824
1427
440
1282
1106
1913
1705
1458
1655
1539
63
1968
1566
393
1725
507
1640
934
47
1157
1329
1826
1929
941
849
753
1024
601
354
1265
1536
542
795
890
1816
1531
1933
1629
1465
415
47
1051
64
1453
1784
1154
36
198
717
55
1776
544
71
1166
1603
463
1571
1797
1442
914
1849
842
33
1427
1005
1246
1160
1479
1764
1338
1310
1560
810
1656
321
442
633
302
1837
387
163
915
593
421
1499
2012
408
424
1756
1863
1905
494
1490
1826
795
144
1630
1174
918
830
1446
210
1825
1862
325
284
1716
1277
753
1210
832
162
1073
1125
853
273
2008
1473
1812
2008
257
1426
566
1937
984
680
1121
1404
228
780
1146
1316
877
711
2027
806
1226
377
20
1396
1897
85
1039
937
249
952
1230
1138
1614
1282
1416
588
419
813
1670
1303
1395
1437
1990
1885
698
1000
174
595
183
161
707
1710
1299
205
967
662
835
158
417
562
555
1559
1868
846
1966
1010
15
807
2
496
1218
735
684
396
1942
1934
1496
1803
1788
74
1863
210
1033
839
1267
1833
42
158
453
1033
1508
162
723
162
889
1533
604
1904
1563
213
349
73
1331
74
615
1401
546
1320
1152
640
596
1190
1540
62
838
1716
929
1812
1042
1590
1405
1701
1423
770
681
529
2011
112
329
550
1670
1058
913
1844
471
1479
1942
440
1178
731
1594
499
1850
207
1944
183
1708
1984
810
1776
1316
2016
971
442
402
497
1803
527
449
449
145
1943
1299
728
928
419
1612
1949
1015
930
1835
511
1509
1356
1234
623
781
749
1287
695
315
2033
17
1517
1564
894
145
781
39
1725
1887
114
693
776
966
1222
621
1766
230
346
1043
1322
1263
2008
1492
1647
657
388
598
1870
808
1941
130
1471
62
815
195
1072
1241
1886
1644
487
1039
1945
1404
362
1471
1844
615
944
1003
308
1616
1842
984
1651
738
229
493
1242
482
1465
805
1032
369
1417
622
797
1372
185
103
229
1135
1247
795
227
1426
859
1083
1275
912
561
319
106
642
790
1691
1137
1005
1586
1155
589
577
198
1293
4
1324
1683
1396
203
1945
1501
938
690
758
1334
842
1843
251
513
1561
444
2036
370
343
525
1427
869
1255
1468
702
1274
1660
753
1738
1188
985
1958
1617
297
1297
245
45
1751
710
1009
273
1336
180
235
1770
341
882
864
1942
11
119
1737
1592
663
1496
1140
1671
361
430
1720
1509
1050
603
1109
2027
1290
692
1406
698
1069
52
314
1136
1088
1560
29
97
41
521
2017
712
1159
1716
1612
1496
367
856
883
1846
705
1690
1231
1107
942
1718
1466
1463
1064
1475
800
97
638
547
1415
1297
1060
2026
1806
790
1954
683
755
1048
1718
981
1729
1238
720
1202
174
602
257
1455
448
2034
343
1573
1398
1366
995
1916
1229
1694
830
829
272
1446
1293
1746
1216
1017
686
535
1278
1912
546
626
2023
1597
1491
876
501
1789
1791
832
1714
826
2025
1654
905
1461
1429
1405
406
1186
147
1690
233
74
1091
115
1770
228
1630
1209
1042
1941
1249
457
551
1241
1078
1986
1053
741
1799
1175
1407
1925
1353
165
1735
1061
1455
697
1466
863
1011
1834
1033
40
1523
1702
1085
1838
256
416
1802
620
1639
189
63
1803
1115
441
1263
1486
767
765
1010
188
337
1133
2024
418
927
567
1412
1090
297
821
142
1811
128
481
806
1772
91
81
485
810
1295
505
1788
1474
1843
1629
387
510
1277
1011
1810
1880
127
1025
772
286
825
348
759
1146
1436
334
846
1148
807
1547
1983
1900
518
361
940
2035
1731
745
1911
860
353
1360
2025
320
1878
408
67
362
802
635
443
877
651
298
602
1724
1582
1685
1387
1373
2005
586
1296
1838
532
689
670
102
1450
1918
1884
1960
864
206
1444
1226
1324
633
577
545
882
1474
474
262
1841
136
1594
1978
873
2013
360
526
101
494
189
1301
1737
258
267
2021
879
1563
1646
149
1660
1444
1979
375
326
966
396
1830
618
892
613
75
79
911
137
141
28
232
30
163
287
2035
2038
1766
1550
297
1128
496
1351
1149
1907
509
1634
1117
514
1376
383
1115
771
282
676
1177
603
1563
1170
798
1808
1531
117
548
998
112
1809
1212
922
1114
745
1145
562
1033
173
1265
812
1515
222
1559
1777
1479
938
1029
1328
1083
182
865
695
729
2021
608
1549
80
1895
369
1338
11
414
1685
554
303
1695
1050
712
23
184
1248
401
378
929
1105
10
1472
1418
483
676
981
3
1790
1324
398
802
1840
1073
867
1614
425
1165
747
1503
439
766
543
690
1850
576
1367
523
125
829
79
293
1882
1930
1297
1400
769
33
349
1884
80
1547
776
1044
43
1224
461
1634
1973
211
1824
1768
1371
1747
781
1776
319
1183
889
93
314
1826
897
872
1483
474
235
1795
1133
1986
1525
538
1052
1145
656
1354
921
583
1186
1298
746
1800
1665
1700
804
1655
563
195
919
2027
802
928
739
958
1261
347
36
1145
1177
1764
1339
1022
1184
363
1862
626
636
232
535
1640
1116
528
1506
412
881
398
2004
14
1390
510
1129
758
1116
1891
1013
487
1278
875
1580
140
1025
71
113
1331
515
1465
272
1004
1238
2012
389
1682
1003
1929
277
479
108
1256
1811
1025
372
576
1627
658
1114
536
393
1624
708
168
1341
119
1200
942
185
615
1964
1632
1457
977
1682
1364
1815
88
149
402
320
1908
1577
11
1392
959
1709
1881
1984
1207
1563
1264
1358
1037
1101
940
1028
148
623
1415
887
602
828
217
777
305
1925
950
715
1305
2010
2012
211
1421
172
770
524
802
549
535
517
1719
1629
1706
1945
1765
836
800
1145
424
1169
1106
450
1509
891
217
1894
210
1131
1402
1518
1086
1694
618
462
868
888
1040
507
24
1638
437
489
1771
1155
1917
1234
777
2028
1652
1257
1397
1767
1896
366
1954
1782
43
912
288
5
1897
1040
1404
395
497
1739
930
1635
1035
501
1897
6
1062
773
603
206
1874
2041
376
1277
1556
390
1021
1655
1765
1003
1422
1995
165
1456
765
1295
1313
1326
1929
1176
1747
1721
1661
532
1720
774
1198
75
660
1808
752
616
577
1270
1429
1795
507
1545
169
681
701
1602
936
1377
427
1573
1620
891
508
188
1486
210
2045
1749
181
1167
839
822
1474
1192
1485
1465
330
402
107
1065
1718
1132
971
738
1315
919
1282
1813
1681
1221
32
754
759
293
1827
1506
919
259
632
195
1184
1602
802
1167
976
106
980
1830
1384
1542
320
1102
370
553
1587
1367
917
2016
30
1149
387
490
779
577
1421
1180
604
1381
1979
972
21
1549
1688
30
1383
814
314
1935
2029
1135
1869
536
1077
975
959
1864
1111
379
1431
472
1661
196
596
1289
828
1979
957
435
1536
1535
1121
1138
1783
1123
1526
417
355
145
694
1731
653
203
1117
856
1231
1012
931
1906
1118
553
978
458
98
1810
545
65
904
1171
620
652
1751
1052
1315
1427
379
1087
633
1022
112
1129
1187
1637
1475
1731
1288
307
610
529
814
2005
778
348
795
1339
1324
794
1468
1502
1461
463
1413
1010
1851
207
447
1373
435
607
999
1463
1488
644
1460
300
1355
1286
1169
452
215
478
1448
138
503
394
1400
1077
486
1998
1842
1915
132
373
649
1388
539
202
1540
1872
1382
1488
395
598
1260
537
2006
1284
1009
902
107
1453
234
1059
1319
1613
1750
1111
751
1208
1822
117
1191
1430
464
213
1260
1709
471
1572
1794
1123
457
1363
1914
1190
1660
780
1923
659
159
1157
8
1270
740
1261
1508
55
1304
111
1532
1457
1537
1387
1104
1983
182
959
1551
862
1966
1780
1786
789
605
720
1281
1008
1553
1358
739
817
1439
113
1396
1578
291
1328
226
385
1096
1211
1739
1917
1920
1729
311
847
1860
1068
1539
925
1144
1555
1036
1691
65
492
1074
1866
1575
1826
302
462
1584
909
1526
1679
181
1795
425
1305
793
1005
1067
1858
45
843
1664
1952
1172
1451
15
1027
870
1995
949
505
384
2017
487
624
261
1552
2017
1499
1477
1338
2025
1339
1686
1717
883
685
750
471
1110
1703
210
1939
1825
1226
834
1525
963
795
1484
599
443
1197
1559
88
130
1465
253
2004
585
39
508
1737
961
457
1949
1610
1653
172
1618
499
1738
170
188
974
317
761
1556
1831
1230
289
1282
1814
1771
826
134
1760
522
214
1919
825
98
1622
1299
1308
1330
1010
1676
276
100
330
1479
1407
1534
1181
463
1153
1325
1678
610
1218
896
288
924
1458
1718
688
349
646
281
2
1956
1191
2036
941
374
1638
844
883
730
1349
1962
906
1776
1965
1220
569
1711
456
1868
1547
1755
330
805
300
997
780
756
1195
684
22
590
699
377
652
1746
947
624
771
1070
705
1102
1129
1978
1859
1130
1501
588
88
25
1574
1087
160
385
1116
833
686
1899
57
404
1751
1214
21
341
1329
245
136
450
431
132
1174
1170
1839
1902
427
1023
194
92
440
969
985
1079
719
1912
1791
620
1882
76
847
1123
853
1146
1298
1420
1682
702
1998
604
6
1021
645
512
1863
446
219
48
1581
575
670
673
891
288
610
1331
1043
1259
1755
819
1497
1172
240
489
1895
1968
838
1431
1868
790
1468
1133
500
812
1573
1003
1967
1424
95
849
1516
692
1883
1552
347
832
1882
1765
264
614
1513
1364
1632
1600
1611
123
1761
1091
1744
1148
1412
219
1138
347
40
1265
1558
191
353
1755
803
1020
702
258
999
1588
486
1641
1566
764
2033
1846
1850
1225
517
1742
1099
466
1693
1869
666
702
1946
1259
2035
1378
1664
860
1483
504
87
194
589
1763
1744
1551
748
34
659
784
506
303
999
1662
1310
1805
1914
1378
1820
177
477
1741
790
1293
1590
1867
1169
945
1970
1170
638
765
991
874
1040
765
14
1003
804
1610
1762
1178
771
465
2004
1764
667
2008
1082
590
1641
76
1095
1625
168
726
647
1067
42
1774
1123
1410
569
271
1682
946
1129
1959
46
1691
1293
644
15
1586
1520
1482
308
1033
1701
1963
1095
1191
336
808
1007
32
1104
198
828
108
688
643
1395
595
1730
1746
1909
697
698
891
1243
1869
465
1698
390
848
1299
127
612
869
1511
246
745
167
1717
644
775
1805
1394
1907
1434
321
273
597
569
159
1572
520
1747
108
1860
1808
1370
860
991
1162
1029
1330
274
1570
1194
499
1039
1219
1836
1979
93
1436
1288
231
1507
658
1513
101
1427
498
940
129
1032
827
887
412
792
1227
1074
1055
1861
2019
1165
796
2005
1292
1639
950
746
820
355
1306
341
1431
257
1928
1658
1423
647
1175
271
571
429
31
556
796
812
713
1737
468
1728
708
239
861
1526
1887
837
1212
31
1903
1019
1660
148
1839
1125
1281
1461
1336
154
343
1944
516
1735
1696
1569
1092
1125
90
1594
940
492
522
960
1680
572
1083
1695
313
684
557
320
1132
1694
1421
571
975
1090
1414
120
651
1720
1568
1359
1888
993
514
1996
823
1263
223
922
1128
444
231
1112
1019
1999
1123
691
952
439
1821
1465
891
1858
1509
1967
750
1569
487
1160
32
1120
1460
689
1501
238
763
912
1273
1600
1437
1649
699
1958
630
982
1448
41
817
1392
1180
1698
132
1053
298
1717
556
920
849
1358
896
330
896
1094
1299
170
891
1307
1678
1249
1260
1443
6
528
937
184
1144
960
1870
624
1131
622
1380
659
1029
125
842
1232
1273
1720
1718
1586
598
495
1869
458
1616
1693
1405
801
987
236
248
1462
510
627
1768
308
1531
210
1102
1962
733
1132
1675
1115
424
1112
362
728
2030
343
1518
1615
26
786
1712
731
1928
29
222
482
923
1588
1927
1026
1887
1194
1113
884
978
446
315
1622
294
427
349
8
528
848
411
1158
382
1699
1327
1560
1691
1722
587
1678
1229
1323
296
831
345
1043
1632
1995
376
1007
1001
1528
674
1225
1548
534
212
1668
252
1400
1326
675
1616
165
912
217
302
581
1461
96
1949
350
41
1745
709
578
1402
1580
1178
840
453
893
127
509
642
1654
596
1043
88
194
542
1692
165
706
1990
68
1628
1543
1260
1223
575
373
1966
190
537
222
1099
140
497
1920
1614
1721
671
27
1668
846
1709
1769
293
465
1785
1444
1538
238
183
1599
4
1887
427
1275
1645
1003
1240
653
1813
1852
840
1625
1326
1995
1128
152
1398
1743
1855
565
2035
974
1113
1408
1509
1410
420
1027
463
321
2031
1599
1997
1317
987
1598
1938
879
489
1705
368
1942
1942
1454
1573
1313
1536
1011
1811
1287
1267
12
764
1466
1991
763
1641
1790
1409
922
499
794
301
443
601
2037
1411
238
342
1362
223
878
1533
597
804
1063
1215
1615
67
1929
1340
1290
1632
1737
57
1911
952
934
847
237
114
921
2009
230
836
1241
1320
385
1736
363
1428
590
1583
1206
841
1808
2005
930
1311
1239
947
955
177
322
765
1504
368
1919
1670
1950
1790
274
1400
1999
1244
178
1384
958
341
690
134
167
665
311
1489
959
1140
227
39
1634
338
2008
944
479
1134
1657
907
1738
565
62
1863
137
1306
1928
965
894
1054
271
1858
1472
545
1384
1196
646
280
1983
1808
226
1483
1460
1150
520
877
895
586
993
1655
1773
1943
1227
1122
972
911
1053
1381
748
2036
31
1674
855
599
1930
1989
831
1827
922
458
466
449
1980
1467
486
921
1895
1591
583
1734
1394
1598
1417
757
1592
1501
1038
1722
1401
1024
1187
1435
1208
1546
1585
672
370
1870
391
1240
1492
1014
754
1265
1919
1296
81
452
720
839
1522
657
777
1816
449
446
1321
2040
704
1043
1688
260
1099
129
1404
1468
1600
1594
1649
272
836
1727
22
1897
1268
423
1530
1153
1540
911
715
1194
880
516
181
1776
849
1043
2039
1942
1838
622
1904
564
338
1928
1010
145
1673
352
1245
614
1061
552
1090
641
786
795
1293
728
465
272
482
548
481
1822
1040
353
876
1675
1832
55
566
382
1209
1761
1918
920
479
962
1200
846
659
1232
337
678
994
28
1159
949
986
1075
1824
2027
755
1340
62
613
546
1745
537
622
1092
209
1483
1652
1805
2000
876
475
2025
886
1700
439
500
941
1310
1217
1961
661
2032
1601
1921
1774
249
1071
1995
1210
1477
1342
892
1620
1457
1298
1158
57
839
2028
1599
283
538
1325
187
1376
1742
1495
758
723
91
531
1439
1360
1605
1668
568
389
342
1958
577
1281
1819
723
1290
47
496
1267
975
454
1955
1436
223
357
1331
1695
1432
513
1595
1555
1149
1037
1167
108
1737
1721
1452
1306
1223
592
1833
900
21
1186
1957
1998
1331
1047
1851
1051
70
1003
525
259
93
955
1702
321
1543
405
727
64
1997
453
1531
860
624
1495
1590
282
116
91
674
926
762
666
28
747
470
1766
147
794
426
412
255
756
1984
1243
429
1132
509
478
644
688
1879
348
1993
1938
851
1887
1088
1090
51
329
1000
1125
1791
1710
1772
1875
169
1207
762
1331
275
909
1169
370
548
1800
746
1706
461
483
320
1530
48
1664
1701
85
318
270
1826
860
43
796
1635
1068
330
792
1690
1051
1579
961
853
705
827
1762
314
33
1684
506
686
344
1721
974
1010
1516
843
1395
689
1035
1645
1152
874
467
669
576
996
1011
75
503
162
134
471
629
509
1127
174
1170
1747
1587
911
1344
1130
1272
2023
1616
392
284
297
1456
896
1459
146
503
1649
1325
769
831
1888
513
1695
1
1584
607
1380
668
1470
1774
1616
485
1650
1397
772
839
350
1622
949
60
2034
1538
1277
118
2006
1226
544
1164
1594
1353
437
869
1578
887
459
299
1023
1295
113
1323
1832
1374
504
349
1780
299
769
1200
1535
1331
583
613
1366
1113
1751
1033
1375
22
1904
1828
1678
1857
434
888
881
1599
92
342
1545
477
1123
573
1391
283
809
1998
287
1454
1389
934
1417
1956
890
1096
527
1687
1709
303
1266
2038
1312
226
1313
87
13
202
1331
1017
1591
548
1363
128
1313
1791
504
1341
777
742
1132
410
187
277
633
1549
661
1591
1430
875
706
432
1198
1175
439
1887
1576
22
855
2044
725
1027
53
449
24
331
1397
688
1614
1076
395
1599
1924
1347
143
1507
1624
1965
1775
1952
1890
598
816
1792
1550
1383
88
1600
935
73
1040
1328
606
533
888
1448
1175
785
785
156
1199
887
1847
206
936
331
435
346
1530
512
988
660
818
684
394
1048
1570
233
1791
2017
942
1070
528
1867
175
398
1862
917
191
1456
1040
577
1848
915
1870
2006
1067
988
927
76
1716
257
1526
738
1771
545
11
520
1428
202
933
1485
27
803
752
1096
710
111
1477
1347
784
1590
743
130
1948
59
1341
1383
629
752
6
1571
306
23
1479
1827
196
1095
117
502
1993
1820
4
396
132
631
1068
304
1839
916
1773
1049
1902
473
225
1539
1084
1258
792
657
1733
1413
532
1990
1223
949
1211
363
540
963
243
1173
1794
1280
1454
1908
1312
929
1054
1401
1285
901
1733
1456
1844
1635
738
645
1443
1287
1697
1017
879
484
1367
1644
370
1707
753
1844
1767
1760
1554
94
3
739
1718
514
1289
1866
1445
199
1301
630
1464
445
1166
1938
1570
1658
1523
1385
725
1655
514
339
1343
963
96
120
1872
1052
1224
1893
150
1399
1242
246
1581
1697
1902
1861
1277
265
1656
1744
438
1950
774
1833
616
2
1854
1128
28
985
1626
712
612
1777
786
1920
2002
1629
1576
688
132
1537
1238
923
1567
1583
111
1058
188
326
73
335
36
1701
1258
1081
1795
1019
75
283
77
1317
1715
1392
325
822
1138
1978
1907
953
464
1209
931
1071
364
1318
1402
1634
1356
638
1319
135
1266
492
270
225
236
1699
1326
1310
658
612
610
177
220
426
3
535
235
388
37
1985
374
1068
441
560
1856
291
114
1374
1403
1905
1835
1945
749
1025
1079
94
586
816
1119
1490
560
1324
657
1190
823
1476
322
1817
1090
407
173
1916
361
524
1830
1443
52
1251
779
1176
1670
852
210
474
1559
882
1150
713
514
1944
1977
446
1169
1959
723
1704
1481
1941
100
170
1292
980
582
1343
690
780
1415
933
451
1509
77
1801
827
2009
1778
986
671
498
402
2011
1920
461
1254
474
667
172
1646
1819
1973
646
440
1644
1023
1463
1057
1837
1318
635
971
424
935
1930
1400
495
1046
1637
911
1613
135
1231
628
770
1045
604
1338
149
70
52
286
54
1136
292
1917
79
1482
2024
1571
516
463
2025
116
319
1559
1077
991
2015
530
1004
420
1215
749
44
244
1597
1344
363
1064
805
962
1329
270
414
1637
1796
1599
511
580
1457
1012
1287
446
705
1711
706
762
392
163
662
1224
1042
1567
1413
1518
1222
1755
919
400
24
1797
1382
444
357
1540
1161
1594
694
1438
307
1226
670
1270
568
1522
611
1468
1348
791
1846
1490
1378
501
1923
998
1309
180
2000
2038
455
1632
842
728
1416
177
495
474
18
1262
1450
635
625
468
320
242
1476
553
231
1941
1882
1470
333
1325
555
1058
1241
353
1375
82
1332
250
156
726
1050
690
533
317
42
562
929
1616
1907
130
1357
130
1788
1858
523
843
727
516
249
463
936
309
881
976
1313
137
610
48
332
1946
670
1894
1404
1683
2006
1439
536
1937
1700
664
1643
357
76
1234
41
1885
1427
265
641
1379
885
1795
295
798
749
1354
1360
1243
154
351
1987
285
1881
1664
918
622
1286
1195
1129
147
1257
454
422
1661
387
651
487
1154
740
387
1185
773
415
201
58
415
891
1303
1887
263
1959
1428
473
1616
901
1612
238
680
1867
1751
1338
165
1982
912
1260
1710
1346
1700
1571
487
206
658
1008
1640
1215
412
492
302
1644
789
941
559
1289
480
1687
648
541
312
1823
1302
2016
1609
968
379
1519
694
336
309
1300
1086
1223
747
993
1322
942
961
1303
1989
748
270
43
743
1718
1729
1826
1817
1351
1915
833
1919
1294
37
1728
807
183
758
702
1002
69
1322
778
142
394
760
659
22
1045
1027
1856
1573
1281
65
294
446
759
880
1788
1702
839
1705
213
1313
1415
582
112
718
415
1205
983
1765
2018
178
1832
1623
1982
88
449
31
1367
900
868
494
1294
539
1179
1501
300
1253
1521
651
1381
1718
1766
811
1098
571
391
470
255
1213
1323
569
1495
860
1397
1128
517
706
434
988
1080
432
102
1118
1503
417
1372
1833
301
1381
490
1634
551
1383
1083
1769
656
1112
524
393
184
1183
1092
816
1389
460
462
1797
1955
36
769
865
234
1843
1331
523
652
158
1089
805
74
46
588
614
172
1167
1706
1459
405
169
1527
1594
192
517
18
1211
1196
739
118
1019
1864
723
1040
961
348
839
1743
1511
542
1810
728
608
1618
1117
1197
240
205
216
1324
618
1412
1235
171
1752
394
1127
269
1882
896
130
1594
1430
671
150
255
1326
778
551
1652
360
1771
1758
314
1764
1960
1748
1255
298
362
1449
1931
1906
299
17
1469
462
1989
1791
1545
142
1362
236
1249
786
1085
829
1635
1517
1770
1179
453
447
1289
1932
267
436
1875
968
1324
1012
1702
89
1639
701
971
1222
466
1310
1296
330
1667
379
707
1012
1110
2024
831
734
10
1023
1850
1830
342
1692
174
583
1986
1957
1380
7
563
1913
320
671
516
1203
862
1915
1439
509
2041
381
903
463
598
432
1663
1474
751
51
1165
1157
765
1989
888
463
2015
883
1575
1928
1626
469
2039
1526
744
1083
772
1558
1126
842
143
43
68
1619
2020
780
31
1651
23
1818
556
195
1699
247
1259
416
522
966
486
1424
1038
1034
1162
184
1077
431
1301
114
2020
2019
435
876
1478
1395
122
1764
1490
1326
1726
1791
1408
1738
1759
640
587
1796
351
1790
1187
1784
637
1849
497
1646
828
1834
644
814
1481
822
587
230
1982
1133
890
1037
558
869
541
329
743
277
2021
512
625
358
2038
1901
178
1661
2005
692
1930
1807
1888
1873
753
521
1585
625
236
1472
1258
1736
1546
1660
1739
602
975
439
427
871
1381
824
1186
978
505
815
1346
1688
559
22
864
864
1415
1249
2027
1132
71
933
1453
1201
1717
1768
792
1641
802
387
774
1320
1753
1109
2045
1769
1894
1797
1948
2000
363
86
737
192
661
1707
1652
1299
248
279
1308
126
1180
2005
883
286
924
132
461
455
1690
217
1643
1086
694
1566
1513
973
1810
1349
672
459
277
54
583
1172
138
710
1091
968
28
452
384
764
1387
1156
1336
1889
952
818
540
1193
834
851
1131
559
1823
1760
720
16
1349
962
1127
1601
148
1770
1210
1286
1037
222
175
410
1132
341
1354
1850
1800
1614
852
1369
1534
1587
425
1561
1182
501
1058
1840
317
1254
590
112
1588
955
255
1530
499
694
216
1063
1980
1804
1832
843
2024
1693
794
1520
1227
1530
998
1393
1525
1656
2019
1365
1483
1398
630
1792
228
1353
1632
351
1491
1231
1472
1295
1155
287
279
1526
177
195
174
2005
1456
1421
674
1488
1350
1808
1616
616
225
518
2045
242
164
953
1097
1587
883
1395
396
1420
59
1750
441
1987
857
508
1865
1969
1428
1260
385
2008
349
560
541
1511
236
612
1860
1140
270
1668
750
1645
1229
1086
1877
1338
1879
1700
1276
1524
1168
216
856
512
1841
921
230
1531
658
1199
739
934
1595
1254
1889
117
95
1966
950
1428
674
1504
731
1566
1446
272
580
1744
656
1228
47
502
1735
13
1548
1857
532
139
1462
1948
213
654
1432
1099
1042
787
457
672
1358
749
1563
1425
1788
1887
1650
1544
1685
1589
188
230
183
1760
1777
590
917
1094
511
1339
325
317
197
411
1878
748
73
1511
1754
555
1359
186
1852
606
394
1904
742
614
29
184
1996
291
1599
806
386
883
20
245
1593
577
1159
1393
80
1381
322
285
2029
1109
923
1811
960
1585
1564
903
1295
100
1560
2039
166
2013
1906
737
1806
523
2023
807
1564
166
1615
639
1920
1129
393
1598
1394
511
70
1741
622
951
535
205
1041
54
1556
962
447
608
541
8
1969
712
1119
459
1172
399
1624
490
1867
69
1213
1661
1507
792
1580
642
1212
1033
1627
529
486
1621
1242
65
1111
834
1038
61
1639
1723
496
1100
1788
1138
1864
925
1579
1014
598
1798
386
158
619
1864
1318
2021
1967
1262
1875
185
1373
310
1912
774
1531
1796
307
760
1669
1333
1405
1545
1707
1444
96
1238
892
975
1047
1212
674
1697
509
276
1746
1578
2037
961
263
314
257
1488
218
744
1827
407
1939
295
997
1070
876
514
768
481
590
383
3
904
357
1028
95
1813
490
708
54
943
1175
1114
1528
538
1767
1133
1792
1449
785
383
1318
25
1949
1497
978
1489
1470
1567
460
1672
1419
1698
1979
19
416
1898
549
958
1450
1164
498
757
1901
109
815
1120
783
1842
1069
1655
91
140
1862
650
1660
252
972
751
772
207
2031
1699
840
1959
967
869
233
278
1798
1406
1163
1683
312
515
985
1916
994
47
1365
1624
800
519
813
1002
106
853
381
526
1269
1685
994
315
26
717
790
754
1362
1027
2034
452
108
1852
473
357
1853
1712
1512
1332
1723
836
648
1681
830
1271
1343
928
333
1248
161
1599
1522
1892
1080
323
110
1455
210
1575
2044
1879
752
523
1484
1340
521
1649
843
1818
422
697
902
94
1473
1507
1959
369
2024
2014
75
978
1772
640
16
1977
1205
1678
1120
101
706
1787
82
1592
1242
1023
1917
344
588
1770
652
1530
384
1579
1921
1394
1673
1415
590
380
1431
1452
954
319
1196
566
316
541
1458
962
1431
1832
496
1946
1274
1482
671
958
1199
1111
421
1551
64
981
1927
807
1363
369
586
1226
742
1950
562
396
1829
1397
1306
1509
1165
1226
1697
834
1092
341
933
1701
50
1545
536
1139
990
1726
1570
921
617
642
230
74
1525
1147
1626
1729
62
113
170
209
1540
1465
1977
784
1177
1481
431
1473
2015
1565
84
61
1022
206
141
533
1433
981
692
1727
768
354
681
718
370
171
163
479
637
1786
1609
1242
28
386
1307
1650
1094
315
1953
243
1811
93
57
488
103
1871
1538
1774
33
1211
1610
1325
1425
711
384
1594
2023
1545
853
1869
1130
1482
1766
1226
68
1127
955
485
664
907
1749
582
1719
652
93
995
5
2012
1996
1614
238
1763
1275
1336
1147
1503
959
515
1033
472
544
600
1238
1915
1674
1386
171
598
319
480
1785
1669
665
527
330
1387
164
427
1018
1087
856
528
1290
287
1141
1925
451
348
127
958
243
147
380
1869
26
1759
1250
946
634
1753
1076
281
1691
1667
1610
1718
1258
1314
1992
395
1369
717
553
1472
421
718
161
443
943
1857
549
1663
1743
792
1840
228
1392
1243
606
1964
515
1363
1601
1176
599
467
157
1992
213
513
504
822
1486
656
718
1675
1931
1838
1286
1343
429
1326
1143
155
233
68
269
14
1070
26
1720
1221
1781
93
1884
627
